1.200000000000000000e+01 1.200000000000000000e+01 1.200000000000000000e+01 1.200000000000000000e+01 1.200000000000000000e+01 1.200000000000000000e+01 1.200000000000000000e+01 1.200000000000000000e+01 1.200000000000000000e+01 1.200000000000000000e+01 1.200000000000000000e+01 1.200000000000000000e+01 1.200000000000000000e+01 1.200000000000000000e+01 1.200000000000000000e+01 1.200000000000000000e+01 1.200000000000000000e+01 1.200000000000000000e+01 1.200000000000000000e+01 1.200000000000000000e+01
2.233965843915939331e-01 -1.058091282844543457e+00 -2.756700813770294189e-01 6.169393658638000488e-02 1.525718718767166138e-01 3.502739071846008301e-01 1.007612496614456177e-01 -8.212383091449737549e-02 -6.079744100570678711e-01 -6.563513278961181641e-01 8.571785688400268555e-02 -9.218095988035202026e-02 -4.399118945002555847e-03 4.316584765911102295e-01 6.813734769821166992e-02 4.960580468177795410e-01 4.964849054813385010e-01 3.388590812683105469e-01 -7.621601689606904984e-03 -3.067033179104328156e-02
-6.152467727661132812e-01 4.819438159465789795e-01 -4.616476297378540039e-01 -6.974367499351501465e-01 -1.065945476293563843e-01 -3.722539842128753662e-01 -3.824055790901184082e-01 4.479196965694427490e-01 -5.176392197608947754e-01 -3.269016742706298828e-01 3.522264361381530762e-01 -1.126657873392105103e-01 -3.077994473278522491e-02 3.947909474372863770e-01 6.162628903985023499e-02 6.981530189514160156e-01 -1.528297811746597290e-01 -1.828497052192687988e-01 2.202665656805038452e-01 1.306666880846023560e-01
3.076862543821334839e-02 2.532135229557752609e-03 6.684369407594203949e-03 -1.676977612078189850e-02 3.479271894320845604e-03 4.950550571084022522e-02 -8.160101249814033508e-03 -3.424000740051269531e-02 3.391508013010025024e-03 -1.044900156557559967e-02 -3.771241463255137205e-04 4.252310842275619507e-02 -1.500941161066293716e-02 2.118172682821750641e-02 1.532413531094789505e-02 7.570254802703857422e-02 -6.592128425836563110e-02 1.654265448451042175e-02 -2.379132807254791260e-02 -1.529401261359453201e-02
1.664531789720058441e-02 -1.812324523925781250e-01 -4.548307657241821289e-01 -3.402465581893920898e-01 -1.144571825861930847e-01 -3.619474768638610840e-01 1.235278248786926270e-01 -3.673813343048095703e-01 -1.875315010547637939e-01 1.031390503048896790e-01 -5.496885627508163452e-02 -3.653207793831825256e-02 -1.191562972962856293e-03 -1.481006294488906860e-01 -3.842946588993072510e-01 3.119178116321563721e-02 2.066066712141036987e-01 -2.057416439056396484e-01 1.280689835548400879e-01 7.520077377557754517e-02
-2.704694867134094238e-01 -1.886302679777145386e-01 -4.914738833904266357e-01 3.900101184844970703e-01 -1.953194439411163330e-01 4.483903348445892334e-01 3.711806237697601318e-01 6.662674993276596069e-02 -1.459501776844263077e-02 -1.675585061311721802e-01 -5.645663142204284668e-01 -2.666262090206146240e-01 1.520415395498275757e-01 2.307518124580383301e-01 -1.558851683512330055e-03 -4.975325614213943481e-02 -9.776047617197036743e-02 1.790771037340164185e-01 -1.811465770006179810e-01 6.122621893882751465e-01
2.592250108718872070e-01 1.331362128257751465e-01 3.522123023867607117e-02 -2.064628899097442627e-01 2.056171298027038574e-01 1.637936979532241821e-01 2.755551226437091827e-02 4.264652431011199951e-01 4.919294267892837524e-02 -7.718572020530700684e-02 -9.035243093967437744e-02 2.843276858329772949e-01 -1.154019087553024292e-01 1.965331844985485077e-02 -1.896095126867294312e-01 1.700757592916488647e-01 -1.003105193376541138e-01 6.112658977508544922e-02 3.347440063953399658e-02 -1.313756406307220459e-01
4.096098542213439941e-01 -1.281681656837463379e-01 2.050124406814575195e-01 -7.435213029384613037e-02 -4.049039259552955627e-02 -5.034385994076728821e-02 1.152685582637786865e-01 -1.249586232006549835e-02 1.768224835395812988e-01 1.595429629087448120e-01 -2.571549713611602783e-01 1.441991031169891357e-01 2.878645062446594238e-01 3.273719549179077148e-01 -2.588915526866912842e-01 2.368098497390747070e-01 1.891806721687316895e-01 -4.601129889488220215e-02 1.905933022499084473e-01 -1.342512071132659912e-01
1.731319129467010498e-01 6.829909086227416992e-01 1.130551695823669434e-01 1.771456003189086914e-02 2.177620828151702881e-01 -4.518881738185882568e-01 -3.164560198783874512e-01 1.444139480590820312e-01 -1.560320109128952026e-01 -1.487240642309188843e-01 -8.443371206521987915e-02 -1.976723223924636841e-01 -5.121602863073348999e-02 -2.577871270477771759e-02 -2.499213665723800659e-01 2.040685713291168213e-01 1.323167001828551292e-03 1.103328913450241089e-01 -2.870420515537261963e-01 -1.514196693897247314e-01
6.112736836075782776e-02 3.075928688049316406e-01 7.063516229391098022e-02 9.450145065784454346e-02 2.786993086338043213e-01 -1.400506198406219482e-01 2.952076196670532227e-01 -2.636826634407043457e-01 -6.571133434772491455e-02 1.151482611894607544e-01 1.815861463546752930e-02 3.341456055641174316e-01 1.449852436780929565e-02 1.241018250584602356e-01 2.883449196815490723e-01 4.021340012550354004e-01 3.141718506813049316e-01 -3.500566184520721436e-01 1.427722722291946411e-01 -4.305438101291656494e-01
1.560782790184020996e-01 -4.635510742664337158e-01 -2.389397174119949341e-01 5.671032145619392395e-02 -2.577120624482631683e-02 1.765611395239830017e-02 6.758359670639038086e-01 -3.246677517890930176e-01 2.417109757661819458e-01 1.875883787870407104e-01 3.377984277904033661e-03 3.334256410598754883e-01 1.675400286912918091e-01 1.313584446907043457e-01 -3.854869306087493896e-01 3.114872574806213379e-01 1.052536591887474060e-01 1.577170491218566895e-01 -1.411037892103195190e-01 3.002765774726867676e-01
-3.099955320358276367e-01 -1.603426784276962280e-01 7.438235878944396973e-01 -6.048363074660301208e-02 2.885361313819885254e-01 1.377918291836977005e-02 -1.017893552780151367e-01 1.139817479997873306e-02 2.337817475199699402e-02 1.050002500414848328e-01 7.451971620321273804e-02 6.468833237886428833e-02 -3.954897820949554443e-02 -8.383709937334060669e-02 9.610214084386825562e-02 -1.097885519266128540e-01 -2.635180950164794922e-01 1.674085706472396851e-01 7.032550126314163208e-02 5.389599502086639404e-02
-6.319006532430648804e-02 2.215483933687210083e-01 -4.832917749881744385e-01 -3.740910887718200684e-01 2.718982696533203125e-01 1.398724317550659180e-01 -2.134145796298980713e-01 1.860220432281494141e-01 -4.083176702260971069e-02 -2.144809067249298096e-01 -1.298982650041580200e-01 1.250827312469482422e-01 -7.366622239351272583e-02 5.229223370552062988e-01 -3.451629877090454102e-01 1.205866690725088120e-02 2.290821969509124756e-01 2.013280540704727173e-01 1.866604089736938477e-01 2.772166132926940918e-01
-3.243317082524299622e-02 -3.562198579311370850e-01 -5.280140042304992676e-01 3.891660273075103760e-01 1.543091684579849243e-01 1.669124811887741089e-01 -1.140290275216102600e-01 -7.094514556229114532e-03 1.456569880247116089e-01 8.320325613021850586e-02 -1.117885783314704895e-01 1.635791510343551636e-01 3.496510386466979980e-01 -6.110947579145431519e-02 -4.538686275482177734e-01 1.819749921560287476e-01 2.208449691534042358e-01 6.974201649427413940e-02 2.376785576343536377e-01 3.329326212406158447e-01
-5.095410943031311035e-01 -1.893087327480316162e-01 1.181950643658638000e-01 -5.510042235255241394e-02 5.805682018399238586e-02 -4.132485985755920410e-01 1.667461246252059937e-01 1.297002881765365601e-01 3.237700834870338440e-02 -2.160877287387847900e-01 1.020182296633720398e-01 2.695786952972412109e-01 -2.595330476760864258e-01 -3.981822431087493896e-01 -8.467678725719451904e-02 1.368172615766525269e-01 1.927514560520648956e-02 2.179386094212532043e-02 1.775469630956649780e-02 -2.391935735940933228e-01
2.393750846385955811e-01 1.435176730155944824e-01 -2.671408653259277344e-01 8.057218790054321289e-02 -2.445417940616607666e-01 -1.059328019618988037e-01 -1.077688038349151611e-01 -2.378593683242797852e-01 2.213850319385528564e-01 -2.523651719093322754e-01 -3.075788617134094238e-01 3.094495832920074463e-01 9.488490223884582520e-02 9.187822788953781128e-02 1.809285730123519897e-01 -3.256980776786804199e-01 -3.072963096201419830e-03 2.174828499555587769e-01 -1.584859341382980347e-01 -1.423287689685821533e-01
-2.390100955963134766e-01 2.036567777395248413e-01 2.084007263183593750e-01 3.520077168941497803e-01 2.243958264589309692e-01 1.391993612051010132e-01 5.387172102928161621e-02 9.896361269056797028e-03 8.164010941982269287e-04 -2.463236153125762939e-01 -1.267873346805572510e-01 1.889907270669937134e-01 3.462250530719757080e-01 -1.999821215867996216e-01 -1.405592560768127441e-01 -1.209101304411888123e-01 -2.663940787315368652e-01 -1.752336621284484863e-01 2.816095054149627686e-01 -1.165879592299461365e-01
-1.223438233137130737e-02 -3.134577870368957520e-01 3.783366084098815918e-01 3.627399727702140808e-02 -6.916484329849481583e-03 -3.070569634437561035e-01 -2.061078250408172607e-01 4.088071584701538086e-01 -1.455169767141342163e-01 5.473177880048751831e-02 2.118844687938690186e-01 -2.924115629866719246e-03 -1.936526298522949219e-01 -1.593796610832214355e-01 2.057021707296371460e-01 -9.454443305730819702e-02 2.856968045234680176e-01 -3.751136362552642822e-02 1.633452773094177246e-01 -4.460942745208740234e-01
-4.591954946517944336e-01 2.899977937340736389e-02 -6.598208546638488770e-01 -4.515769779682159424e-01 3.779127895832061768e-01 -1.358916759490966797e-01 -2.113725990056991577e-01 -2.658590972423553467e-01 -1.348262876272201538e-01 -1.248343512415885925e-01 1.238377913832664490e-01 3.696825504302978516e-01 -1.752710044384002686e-01 -1.718433224596083164e-03 3.494453430175781250e-02 -3.078975081443786621e-01 1.448781937360763550e-01 2.646180428564548492e-02 -4.071686416864395142e-02 3.039386570453643799e-01
-2.267376482486724854e-01 2.154618874192237854e-02 4.591577053070068359e-01 -1.538162082433700562e-01 -5.234313383698463440e-02 1.512700617313385010e-01 -1.897392272949218750e-01 -1.536515206098556519e-01 -4.153636395931243896e-01 5.351644009351730347e-02 3.120492398738861084e-01 -1.071998924016952515e-01 8.897501230239868164e-02 -8.727058768272399902e-02 3.169232904911041260e-01 1.814329028129577637e-01 -9.668579697608947754e-02 -2.113572657108306885e-01 1.928711086511611938e-01 -1.568765193223953247e-02
-1.810759864747524261e-02 1.044923514127731323e-01 4.499728977680206299e-01 -8.817321807146072388e-02 3.184803202748298645e-02 -3.126284480094909668e-01 2.536607384681701660e-01 1.151081323623657227e-01 -3.234340548515319824e-01 5.019564032554626465e-01 3.295479714870452881e-01 6.813465058803558350e-02 -2.059821188449859619e-01 -1.589485704898834229e-01 8.208854496479034424e-02 -1.332827843725681305e-02 -1.228712946176528931e-01 -3.123156428337097168e-01 -1.365413516759872437e-01 1.255186647176742554e-01
5.936737656593322754e-01 2.176147401332855225e-01 2.800063788890838623e-01 -4.401172325015068054e-02 3.779627084732055664e-01 -3.162817060947418213e-01 2.602179534733295441e-02 -9.369732439517974854e-02 5.000611022114753723e-02 4.339599013328552246e-01 -2.457689866423606873e-02 -1.123228762298822403e-02 2.490917593240737915e-01 2.770255506038665771e-01 -1.581281572580337524e-01 2.949353158473968506e-01 1.652144938707351685e-01 1.938664019107818604e-01 6.318475306034088135e-02 -1.214864403009414673e-01
3.288672268390655518e-01 -1.044384390115737915e-01 -6.784823536872863770e-02 -1.253588050603866577e-01 -7.808032631874084473e-02 4.912737756967544556e-02 2.028389722108840942e-01 -1.028832942247390747e-01 -5.120375007390975952e-02 -5.154367685317993164e-01 1.035524234175682068e-01 -2.034105658531188965e-01 2.181574702262878418e-01 -4.048420488834381104e-01 1.515778061002492905e-02 -7.865005731582641602e-02 2.533329427242279053e-01 2.522850930690765381e-01 3.057232499122619629e-01 3.131520375609397888e-02
-3.769144415855407715e-01 -1.741647124290466309e-01 4.121527969837188721e-01 -3.501494973897933960e-02 -3.220226168632507324e-01 -9.764748066663742065e-02 3.247785270214080811e-01 1.107914224267005920e-01 2.255975753068923950e-01 8.445270359516143799e-02 -1.190914586186408997e-01 -1.543708294630050659e-01 -1.836239360272884369e-02 -5.778146386146545410e-01 1.681846678256988525e-01 -2.258417904376983643e-01 -1.059955358505249023e-01 -2.054795995354652405e-02 1.488524526357650757e-01 3.397547826170921326e-02
7.301057223230600357e-03 9.589752182364463806e-03 -4.238836467266082764e-02 3.904139623045921326e-03 -2.382572740316390991e-03 1.224218495190143585e-02 6.790779531002044678e-03 -5.897243507206439972e-03 5.493822693824768066e-02 -1.721917092800140381e-02 -3.569325804710388184e-02 -2.042375132441520691e-02 -1.147204171866178513e-02 1.223132107406854630e-02 1.515432912856340408e-02 3.752768784761428833e-02 3.254902362823486328e-02 1.033555995672941208e-02 -7.512197364121675491e-03 -3.971830010414123535e-02
1.384140849113464355e-01 7.963689565658569336e-01 -1.119764000177383423e-01 -8.924049735069274902e-01 3.215517997741699219e-01 -1.547404527664184570e-01 -1.327836364507675171e-01 -1.993039250373840332e-01 7.876020669937133789e-02 4.397958219051361084e-01 -1.302833408117294312e-01 -5.022379159927368164e-01 5.230163931846618652e-01 -3.840770199894905090e-02 -1.011432930827140808e-01 -7.940573990345001221e-02 7.124206423759460449e-01 -1.369897872209548950e-01 4.065702259540557861e-01 2.195170335471630096e-02
1.895023882389068604e-01 1.752122677862644196e-02 -3.509276211261749268e-01 -3.319432735443115234e-01 1.429238766431808472e-01 1.329922676086425781e-01 -1.931618899106979370e-01 -1.176131814718246460e-01 5.251204967498779297e-01 5.649335216730833054e-03 -9.791702963411808014e-03 -1.891713589429855347e-01 1.355617046356201172e-01 -2.914158105850219727e-01 -8.403000235557556152e-02 3.212090730667114258e-01 -1.632412075996398926e-01 -1.217525750398635864e-01 -3.991135954856872559e-02 -2.513876259326934814e-01
3.111620992422103882e-02 -3.256927430629730225e-01 -2.459213435649871826e-01 1.345015019178390503e-01 -4.393311962485313416e-02 -8.260324597358703613e-02 -2.618545293807983398e-01 1.922549754381179810e-01 3.336595743894577026e-02 -4.323125481605529785e-01 -1.019144430756568909e-02 4.196557402610778809e-01 -1.794781535863876343e-01 -8.609434962272644043e-02 -2.274270951747894287e-01 1.466135978698730469e-01 2.445032298564910889e-01 -1.256906092166900635e-01 1.343426704406738281e-01 -4.748427271842956543e-01
-2.326257377862930298e-01 -1.847659647464752197e-01 1.345456838607788086e-01 3.828322291374206543e-01 -5.699625238776206970e-02 5.701548457145690918e-01 5.864629521965980530e-02 1.441726684570312500e-01 4.716306626796722412e-01 1.054069995880126953e-01 -1.902732402086257935e-01 2.939777635037899017e-02 5.964750796556472778e-02 -9.874473512172698975e-02 3.416343331336975098e-01 8.472526818513870239e-02 -3.660622537136077881e-01 -1.111357808113098145e-01 -2.808896303176879883e-01 2.044697105884552002e-01
-2.840992510318756104e-01 -6.294397264719009399e-02 4.765769839286804199e-02 3.727612197399139404e-01 -4.264310002326965332e-01 1.396544128656387329e-01 -5.720364451408386230e-01 -2.441173642873764038e-01 -2.649336494505405426e-02 3.911652565002441406e-01 -6.683483719825744629e-02 -6.772244572639465332e-01 2.178458273410797119e-01 7.922224700450897217e-02 -3.302800953388214111e-01 8.041682839393615723e-02 3.579787537455558777e-02 4.146419465541839600e-02 3.013406395912170410e-01 -4.356932640075683594e-02
-4.959646239876747131e-02 -6.760914325714111328e-01 5.883868336677551270e-01 1.721175760030746460e-01 -5.740591138601303101e-02 1.166416779160499573e-01 3.069057762622833252e-01 3.015485107898712158e-01 -5.243293568491935730e-02 2.620287239551544189e-01 -2.645095288753509521e-01 3.624153137207031250e-01 -9.688948839902877808e-02 -1.408127099275588989e-01 5.995957255363464355e-01 2.308267802000045776e-01 -6.270424127578735352e-01 2.949257194995880127e-01 -8.381390012800693512e-03 4.960968494415283203e-01
-7.642062008380889893e-02 1.920306384563446045e-01 3.022695891559123993e-02 -2.361416965723037720e-01 -8.683071285486221313e-02 -2.540230937302112579e-02 -1.780482679605484009e-01 -1.215755864977836609e-01 -1.015385799109935760e-02 -1.563973277807235718e-01 4.065448343753814697e-01 -5.527385473251342773e-01 -3.976065665483474731e-02 -1.632282137870788574e-02 2.247600704431533813e-01 -3.120965659618377686e-01 -3.818482458591461182e-01 -5.364872142672538757e-02 5.494774132966995239e-02 1.778175532817840576e-01
1.761456727981567383e-01 -2.167512476444244385e-02 3.038507401943206787e-01 2.066573798656463623e-01 3.226534128189086914e-01 -2.060386985540390015e-01 1.472687274217605591e-01 -5.740883573889732361e-02 9.480515867471694946e-02 -3.569045662879943848e-01 2.139738202095031738e-01 -7.662569731473922729e-02 -2.311904216185212135e-03 -2.298082858324050903e-01 2.005511671304702759e-01 7.052626460790634155e-02 1.916835308074951172e-01 2.987737953662872314e-01 -1.185316666960716248e-01 6.853086501359939575e-02
1.423995196819305420e-01 8.472075462341308594e-01 -2.444528043270111084e-01 1.361100226640701294e-01 -1.487730741500854492e-01 -5.813592113554477692e-03 1.854387372732162476e-01 3.108729422092437744e-01 -2.540583908557891846e-01 1.333145201206207275e-01 1.059721782803535461e-01 -6.990051865577697754e-01 -1.897134333848953247e-01 1.527888029813766479e-01 2.520854175090789795e-01 -9.658825583755970001e-03 5.717632174491882324e-02 3.880256712436676025e-01 -2.051171660423278809e-01 4.787845015525817871e-01
2.322882115840911865e-01 4.238116368651390076e-02 -7.433018833398818970e-02 -1.513495296239852905e-01 4.145068526268005371e-01 1.620841622352600098e-01 2.102454192936420441e-02 -2.456999719142913818e-01 7.648921012878417969e-02 -7.398422062397003174e-02 1.687343046069145203e-02 2.398076802492141724e-01 2.722183763980865479e-01 -1.201274022459983826e-01 -3.251872658729553223e-01 -1.963530629873275757e-01 3.629350662231445312e-01 2.475248835980892181e-02 -2.218436896800994873e-01 7.374566048383712769e-02
1.546601951122283936e-02 -7.664631605148315430e-01 -3.801620006561279297e-01 9.168279170989990234e-02 1.962092220783233643e-01 7.558783143758773804e-02 4.267060011625289917e-02 -4.853752627968788147e-02 4.133575856685638428e-01 4.780318960547447205e-02 -9.027963131666183472e-02 -2.036109119653701782e-01 -1.807116717100143433e-01 4.159256517887115479e-01 -4.107983708381652832e-01 -7.094878703355789185e-02 5.262938737869262695e-01 4.077210426330566406e-01 3.564039468765258789e-01 -7.296362519264221191e-01
1.864773780107498169e-01 2.299954146146774292e-01 -1.617726385593414307e-01 7.392151653766632080e-02 8.922719955444335938e-02 2.613443136215209961e-01 1.242051944136619568e-01 1.899934709072113037e-01 8.140147477388381958e-02 -3.460326418280601501e-02 1.227177679538726807e-01 -1.009371057152748108e-01 -6.070935726165771484e-02 -3.232261538505554199e-01 4.056160338222980499e-03 -2.021736800670623779e-01 3.806730210781097412e-01 6.055672094225883484e-02 -1.695185005664825439e-01 1.112295389175415039e-01
-2.719053532928228378e-03 -2.388885617256164551e-01 3.335303068161010742e-01 2.935923635959625244e-01 -2.728512883186340332e-01 -1.593781113624572754e-01 -1.937923138029873371e-03 -2.094083651900291443e-02 -2.484287619590759277e-01 2.118931412696838379e-01 -4.428848028182983398e-01 3.134360015392303467e-01 1.726146787405014038e-01 1.066970732063055038e-02 1.991543024778366089e-01 1.002681776881217957e-01 -9.036065638065338135e-02 -1.879953444004058838e-01 2.911553904414176941e-02 2.779309451580047607e-01
-3.003414571285247803e-01 2.479629069566726685e-01 1.621525734663009644e-02 -4.552902653813362122e-02 -4.866672158241271973e-01 -4.019569158554077148e-01 1.342935711145401001e-01 -4.887562692165374756e-01 -4.833095073699951172e-01 -1.763667911291122437e-01 8.761517237871885300e-04 -1.469067037105560303e-01 2.656973004341125488e-01 2.450431883335113525e-01 -1.360304057598114014e-01 -1.004712581634521484e-01 3.011049032211303711e-01 -3.586383461952209473e-01 -3.062503933906555176e-01 4.023052155971527100e-01
-3.829318881034851074e-01 -5.467935800552368164e-01 -1.131814643740653992e-01 1.637477576732635498e-01 -1.617496311664581299e-01 3.132379949092864990e-01 6.721010804176330566e-01 -1.910467892885208130e-01 1.871554404497146606e-01 2.392759919166564941e-01 1.909949332475662231e-01 3.144305050373077393e-01 -5.589944124221801758e-01 1.601741909980773926e-01 -2.761136591434478760e-01 -1.768397092819213867e-01 -3.493120372295379639e-01 1.129313483834266663e-01 1.126909479498863220e-01 -4.676635563373565674e-01
9.049810469150543213e-02 5.561594292521476746e-02 -3.292153775691986084e-01 -1.440672427415847778e-01 2.960001230239868164e-01 -6.834139823913574219e-01 -1.274459958076477051e-01 -3.707949221134185791e-01 -1.340554356575012207e-01 3.793049156665802002e-01 1.275438368320465088e-01 1.053969785571098328e-01 6.986990571022033691e-02 -4.932254552841186523e-01 -1.249116361141204834e-01 -3.689776360988616943e-01 1.219085752964019775e-01 2.119421027600765228e-02 2.162545919418334961e-02 -2.878898568451404572e-02
-2.147704213857650757e-01 7.214963436126708984e-02 -4.849681630730628967e-03 -4.058475494384765625e-01 2.009642720222473145e-01 5.797767662443220615e-04 -1.526279561221599579e-02 -2.866098880767822266e-01 -1.111125648021697998e-01 3.278945386409759521e-02 -4.737208038568496704e-02 -3.712358176708221436e-01 2.012642472982406616e-01 -1.834824532270431519e-01 1.668429821729660034e-01 6.576281785964965820e-02 4.486504793167114258e-01 7.856047153472900391e-02 -9.919597767293453217e-03 6.449785828590393066e-02
-1.579144746065139771e-01 -1.058532446622848511e-01 -1.736710667610168457e-01 3.508237600326538086e-01 -5.646724700927734375e-01 -3.207109570503234863e-01 3.459256887435913086e-01 1.095792800188064575e-01 -2.841572649776935577e-02 -3.457026481628417969e-01 2.924429774284362793e-01 -3.939165771007537842e-01 4.914977028965950012e-02 1.730169057846069336e-01 7.198271900415420532e-02 -5.604719519615173340e-01 -3.860880136489868164e-01 7.293458282947540283e-02 -2.226621955633163452e-01 1.023394614458084106e-01
-2.279659807682037354e-01 -5.266799405217170715e-02 1.147227957844734192e-01 1.391560025513172150e-02 3.236990869045257568e-01 -2.928144633769989014e-01 -1.700078547000885010e-01 -1.694094389677047729e-01 3.926385939121246338e-01 -4.430322349071502686e-01 2.535858452320098877e-01 -1.626681387424468994e-01 2.506361901760101318e-01 -5.822178721427917480e-02 -1.595613360404968262e-01 1.604396700859069824e-01 2.109789848327636719e-01 -1.027224212884902954e-02 -7.943640649318695068e-02 2.263112962245941162e-01
3.660114854574203491e-02 -1.765056997537612915e-01 5.655742883682250977e-01 3.044109642505645752e-01 -1.271259784698486328e-01 -1.649211905896663666e-02 -7.190334051847457886e-02 3.312528729438781738e-01 -3.381043970584869385e-01 -1.636269390583038330e-01 1.194785907864570618e-01 1.102316379547119141e-01 5.569660663604736328e-01 -1.315939873456954956e-01 4.835725724697113037e-01 2.068353146314620972e-01 -2.445679605007171631e-01 2.713722586631774902e-01 1.689581871032714844e-01 -2.571699023246765137e-02
-1.589717529714107513e-02 -1.172426342964172363e-02 -2.230009064078330994e-02 -2.763536758720874786e-02 -3.131013736128807068e-02 -1.928746141493320465e-02 5.565189197659492493e-02 -5.667838733643293381e-03 -6.175159662961959839e-02 -2.645762870088219643e-03 -6.301055196672677994e-03 -6.228991597890853882e-02 7.723746355623006821e-03 -1.206771191209554672e-02 8.829980343580245972e-02 -3.997079096734523773e-03 2.334043011069297791e-02 -8.624801412224769592e-03 2.189924940466880798e-03 4.654514417052268982e-02
3.061037361621856689e-01 1.665531992912292480e-01 -1.800675243139266968e-01 5.381940677762031555e-02 1.934912055730819702e-02 1.702674776315689087e-01 -9.575343132019042969e-02 -3.736013174057006836e-01 -2.300447784364223480e-02 -2.142664641141891479e-01 1.198918446898460388e-01 1.026729568839073181e-01 -1.964886039495468140e-01 -2.559988200664520264e-01 -1.026800125837326050e-01 -2.899145781993865967e-01 2.383928000926971436e-01 -8.101324737071990967e-02 1.019093394279479980e-01 -5.489471554756164551e-01
5.859469249844551086e-02 4.054687544703483582e-02 3.521130681037902832e-01 -1.006854549050331116e-01 8.400099724531173706e-02 3.663672804832458496e-01 1.959678828716278076e-01 4.242232441902160645e-01 1.469614803791046143e-01 1.762164682149887085e-01 2.744646277278661728e-03 1.462985724210739136e-01 -3.109054267406463623e-01 1.495808213949203491e-01 -5.321090295910835266e-02 -5.105519890785217285e-01 1.901458501815795898e-01 -1.581766605377197266e-01 8.615770936012268066e-02 3.206048011779785156e-01
-7.635282874107360840e-01 -2.592827081680297852e-01 -1.338176988065242767e-02 3.684200346469879150e-01 2.051788866519927979e-01 2.408222556114196777e-01 4.820245131850242615e-02 -3.428637981414794922e-01 1.081841439008712769e-01 -3.291898071765899658e-01 5.353078842163085938e-01 -4.665237367153167725e-01 -1.269059032201766968e-01 7.833582907915115356e-02 2.569836080074310303e-01 2.019216865301132202e-01 -6.653849035501480103e-03 -2.185312099754810333e-02 1.533150952309370041e-02 3.635002374649047852e-01
-1.133782416582107544e-01 -1.817176640033721924e-01 1.910310834646224976e-01 -2.829782962799072266e-01 9.791486710309982300e-02 -2.056946009397506714e-01 -3.289927542209625244e-01 4.599595442414283752e-02 1.468385457992553711e-01 -3.422569632530212402e-01 8.831403404474258423e-02 5.275429040193557739e-02 -2.155511379241943359e-01 -2.203213572502136230e-01 -8.206513524055480957e-02 2.228682190179824829e-01 -2.030057609081268311e-01 -3.440997004508972168e-02 -8.729158341884613037e-02 -2.648575305938720703e-01
5.923282504081726074e-01 1.594679355621337891e-01 6.917357444763183594e-02 1.134849712252616882e-01 8.516786247491836548e-02 2.007661163806915283e-01 -9.141370654106140137e-02 -1.221655979752540588e-01 -3.407506272196769714e-02 4.807887077331542969e-01 -1.324654221534729004e-01 1.219277158379554749e-01 3.639178872108459473e-01 -1.907062083482742310e-01 2.683489620685577393e-01 -4.388422667980194092e-01 -4.074935987591743469e-02 2.429372817277908325e-01 6.627590954303741455e-02 3.261378407478332520e-02
-3.050399422645568848e-01 -3.257716074585914612e-02 -3.233738839626312256e-01 -3.569318652153015137e-01 2.806947194039821625e-02 1.294081956148147583e-01 2.795465476810932159e-02 3.942372202873229980e-01 -1.287346035242080688e-01 -8.607183396816253662e-02 3.778481855988502502e-02 -1.425056606531143188e-01 2.712508440017700195e-01 -2.062056511640548706e-01 -3.877898752689361572e-01 -2.968781590461730957e-01 -4.797895252704620361e-02 -1.850374042987823486e-01 3.349269628524780273e-01 -1.961908042430877686e-01
-2.608847022056579590e-01 -7.311124354600906372e-02 -4.312806949019432068e-02 2.187389433383941650e-01 -1.714936047792434692e-01 -1.455753743648529053e-01 -1.325342506170272827e-01 -3.313646838068962097e-02 -6.625472754240036011e-02 -1.816589832305908203e-01 1.150807067751884460e-01 1.983650960028171539e-02 6.029183045029640198e-03 1.818811707198619843e-02 -9.800159931182861328e-02 5.864618420600891113e-01 1.819915175437927246e-01 3.768113851547241211e-01 4.062647223472595215e-01 1.217284202575683594e-01
-9.947492182254791260e-02 -1.363225430250167847e-01 3.193025663495063782e-02 -3.874953463673591614e-02 2.255062907934188843e-01 -3.310113400220870972e-02 2.787430584430694580e-01 -2.082263380289077759e-01 -8.995651453733444214e-02 -1.778461337089538574e-01 -2.323082089424133301e-01 -3.918107748031616211e-01 2.021460086107254028e-01 1.087380871176719666e-01 -3.812791705131530762e-01 8.212835788726806641e-01 -2.155351936817169189e-01 2.068059891462326050e-01 1.030835211277008057e-01 -5.266998708248138428e-02
1.926610767841339111e-01 2.062863260507583618e-01 -5.399073958396911621e-01 -1.336428970098495483e-01 8.720795810222625732e-02 -3.676448389887809753e-02 -3.495172858238220215e-01 1.403713673353195190e-01 3.119723796844482422e-01 5.253272652626037598e-01 -1.983834058046340942e-01 -1.107087284326553345e-01 2.346329092979431152e-01 -5.391321778297424316e-01 -2.628834247589111328e-01 -4.017579369246959686e-03 -1.387906819581985474e-01 -6.093936413526535034e-02 2.230791002511978149e-01 -3.538932278752326965e-02
1.970685273408889771e-01 -9.668216854333877563e-02 -5.872149392962455750e-02 6.258605420589447021e-02 -1.882996708154678345e-01 2.331841140985488892e-01 -1.396097540855407715e-01 3.858214020729064941e-01 2.880791760981082916e-02 5.356699973344802856e-02 -5.989893674850463867e-01 -2.210178524255752563e-01 -2.029574811458587646e-01 1.412593573331832886e-01 1.431548595428466797e-01 8.898070454597473145e-02 3.093615770339965820e-01 -4.443043470382690430e-01 -1.788648962974548340e-01 -1.156679540872573853e-02
6.759978830814361572e-02 4.885151684284210205e-01 -1.800408959388732910e-01 -1.730365492403507233e-02 1.154167205095291138e-01 7.553808391094207764e-02 6.488011777400970459e-02 -2.584045827388763428e-01 -2.114929556846618652e-01 2.024642080068588257e-01 -2.495872378349304199e-01 5.649555101990699768e-02 -4.098489135503768921e-02 -3.028794229030609131e-01 2.759507000446319580e-01 2.467048615217208862e-01 1.937346160411834717e-01 3.222569823265075684e-01 9.407106786966323853e-02 6.230423972010612488e-02
-1.761440038681030273e-01 2.898874580860137939e-01 -3.313841819763183594e-01 -7.577437907457351685e-02 4.966341257095336914e-01 9.272144734859466553e-02 -3.813727796077728271e-01 -8.268311619758605957e-02 -1.797682791948318481e-02 -1.101021245121955872e-01 1.460928320884704590e-01 9.391961246728897095e-02 3.095253109931945801e-01 -2.693859934806823730e-01 -2.367614954710006714e-01 5.996279045939445496e-02 -5.056601166725158691e-01 -4.051963686943054199e-01 3.967662453651428223e-01 1.261804103851318359e-01
2.128844261169433594e-01 -1.312935203313827515e-01 9.990719705820083618e-02 -1.786424070596694946e-01 2.260411344468593597e-02 2.484552711248397827e-01 2.132056094706058502e-02 6.454981863498687744e-02 1.270638108253479004e-01 -1.595943868160247803e-01 -9.991505742073059082e-02 4.321489036083221436e-01 -2.912361323833465576e-01 4.361716508865356445e-01 2.349294275045394897e-01 -8.664932847023010254e-02 -1.359442174434661865e-01 -2.494967430830001831e-01 -1.040783002972602844e-01 -2.152774110436439514e-02
-1.126833260059356689e-01 7.141891866922378540e-02 1.856921613216400146e-01 -2.202937304973602295e-01 5.739991739392280579e-02 -2.488096803426742554e-01 1.572284474968910217e-02 -7.859743200242519379e-03 -1.165084019303321838e-01 -2.381271719932556152e-01 -1.652006506919860840e-01 -3.037795796990394592e-02 -2.404318936169147491e-02 -2.194109708070755005e-01 1.081342697143554688e-01 -1.342858523130416870e-01 -8.728715777397155762e-02 4.423165693879127502e-02 -5.328936967998743057e-03 -3.436542153358459473e-01
-3.155310153961181641e-01 -5.391060933470726013e-02 2.035129368305206299e-01 -3.008703291416168213e-01 -6.763087213039398193e-02 -9.827737510204315186e-02 -1.025564149022102356e-01 -1.835115998983383179e-01 4.117075204849243164e-01 9.533376991748809814e-02 8.936216682195663452e-02 -2.362670898437500000e-01 -3.284810185432434082e-01 7.609688490629196167e-02 -5.308715254068374634e-02 9.356161952018737793e-01 2.990777492523193359e-01 5.485663190484046936e-02 -4.523518495261669159e-03 -6.053695082664489746e-02
6.758370250463485718e-02 1.083794012665748596e-01 7.809286564588546753e-02 3.139558434486389160e-02 -1.610769182443618774e-01 6.058329343795776367e-02 9.617996215820312500e-02 1.634006053209304810e-01 3.797865808010101318e-01 3.647669851779937744e-01 2.755008824169635773e-02 8.441647142171859741e-02 1.069642454385757446e-01 3.577153757214546204e-02 -3.285786807537078857e-01 3.151761293411254883e-01 -1.212384738028049469e-02 -4.773420691490173340e-01 5.809524096548557281e-03 -3.216378092765808105e-01
4.496720731258392334e-01 3.325285315513610840e-01 -4.747258126735687256e-02 -5.342347919940948486e-02 1.821690797805786133e-01 4.632956385612487793e-01 -3.051518201828002930e-01 4.887721836566925049e-01 3.700585067272186279e-01 4.637164250016212463e-02 -3.076714277267456055e-01 -3.619553893804550171e-02 2.615593671798706055e-01 -4.101242721080780029e-01 8.388974703848361969e-03 -5.758597850799560547e-01 9.752850234508514404e-02 8.718820661306381226e-02 -4.498914778232574463e-01 6.574255973100662231e-02
2.130102366209030151e-01 1.085153743624687195e-01 1.777067482471466064e-01 -2.863021790981292725e-01 -1.816091388463973999e-01 2.247871905565261841e-01 -2.219405323266983032e-01 2.939096689224243164e-01 -3.505017161369323730e-01 -1.342639178037643433e-01 1.392878890037536621e-01 -4.513452574610710144e-02 1.609368175268173218e-01 -3.853414207696914673e-03 1.697355061769485474e-01 6.186230182647705078e-01 -1.855002194643020630e-01 -1.053422242403030396e-01 -2.161854505538940430e-01 5.868869647383689880e-02
1.996200829744338989e-01 2.733303606510162354e-01 -4.515751078724861145e-02 8.540219068527221680e-02 6.645497679710388184e-02 -2.562034130096435547e-01 -9.321964532136917114e-02 9.119735658168792725e-02 -3.319852352142333984e-01 1.123187169432640076e-01 -2.642514407634735107e-01 2.390636652708053589e-01 -2.377565018832683563e-02 -5.495494008064270020e-01 1.602187156677246094e-01 -1.697603315114974976e-01 -2.185947746038436890e-01 -1.556952297687530518e-01 2.317650020122528076e-01 4.106546565890312195e-02
-1.208787485957145691e-01 -2.582181394100189209e-01 1.725510656833648682e-01 5.744851008057594299e-02 6.172799319028854370e-02 -1.462677028030157089e-03 1.778061389923095703e-01 1.248752772808074951e-01 8.154927939176559448e-02 9.547387808561325073e-02 -5.311129614710807800e-02 -5.203827023506164551e-01 -6.897923350334167480e-01 1.809105873107910156e-01 -3.279916569590568542e-02 3.331350684165954590e-01 3.068096339702606201e-01 -2.508974969387054443e-01 -4.966238141059875488e-01 -3.053162060678005219e-02
1.267118472605943680e-02 -1.131856720894575119e-02 2.489424124360084534e-02 6.020540371537208557e-02 -7.251298986375331879e-03 -2.238913998007774353e-02 -7.456487417221069336e-02 -3.607829660177230835e-02 -6.056408397853374481e-03 -7.352271117269992828e-03 -1.176117826253175735e-02 1.256596893072128296e-01 -7.347515202127397060e-05 1.965688541531562805e-02 4.349118471145629883e-02 1.978444308042526245e-02 4.327087663114070892e-04 -7.655566092580556870e-03 -6.001018360257148743e-02 2.556411549448966980e-02
-1.763367205858230591e-01 3.725532591342926025e-01 -2.554835379123687744e-01 -4.006771370768547058e-02 1.027901917695999146e-01 -2.977022342383861542e-02 5.299127101898193359e-02 -6.407966464757919312e-02 1.555757820606231689e-01 -1.309243589639663696e-01 -2.011940181255340576e-01 1.810180209577083588e-02 1.874667592346668243e-02 5.474517494440078735e-02 3.820948600769042969e-01 9.881993383169174194e-02 -3.890682756900787354e-01 -5.583233237266540527e-01 -4.374443292617797852e-01 3.412199318408966064e-01
-4.136328995227813721e-01 5.299016833305358887e-01 -6.986679881811141968e-02 -9.053736925125122070e-03 1.491765826940536499e-01 1.857270002365112305e-01 -1.942744702100753784e-01 1.124596223235130310e-01 4.226858019828796387e-01 -5.541634932160377502e-02 7.612355798482894897e-02 1.843186169862747192e-01 2.304357886314392090e-01 -1.475252509117126465e-01 3.014964051544666290e-02 4.881317913532257080e-01 8.921246230602264404e-02 -1.196715631522238255e-03 1.098712980747222900e-01 3.088711500167846680e-01
4.573755338788032532e-02 -1.499681919813156128e-01 -1.269002705812454224e-01 1.345686018466949463e-01 1.374926865100860596e-01 -1.691739410161972046e-01 3.960031643509864807e-02 -5.757542848587036133e-01 -2.266464978456497192e-01 -1.301356703042984009e-01 -5.338886007666587830e-02 1.413143426179885864e-02 1.286291927099227905e-01 -3.568731993436813354e-02 2.067494578659534454e-02 -2.683850526809692383e-01 -1.882296055555343628e-01 -5.171513557434082031e-01 2.761585414409637451e-01 -3.867858648300170898e-01
-2.076203562319278717e-02 -1.199562922120094299e-01 6.020538136363029480e-02 1.434215009212493896e-01 -1.500363945960998535e-01 1.982099264860153198e-01 1.349891722202301025e-01 -3.264166042208671570e-02 1.458660960197448730e-01 -8.393513970077037811e-03 -1.173275336623191833e-01 3.941168785095214844e-01 2.127915471792221069e-01 -2.668420076370239258e-01 -3.201944530010223389e-01 2.017930448055267334e-01 6.494382023811340332e-02 -4.937400817871093750e-01 5.650332570075988770e-02 3.876900970935821533e-01
9.816782176494598389e-02 -3.267878293991088867e-01 2.169629037380218506e-01 5.121576413512229919e-02 1.479332596063613892e-01 -9.305163472890853882e-02 -2.323768474161624908e-02 -7.088870555162429810e-02 4.766753613948822021e-01 -1.187023073434829712e-01 1.129784435033798218e-01 2.387434095144271851e-01 -2.551513314247131348e-01 -2.224291115999221802e-01 -3.261033073067665100e-02 -9.323962032794952393e-02 -3.189964294433593750e-01 9.917396306991577148e-02 1.041475534439086914e-01 -1.565897315740585327e-01
2.295535206794738770e-01 1.717680841684341431e-01 1.456679999828338623e-01 9.359622746706008911e-02 1.138262748718261719e-01 9.236571192741394043e-02 3.048052787780761719e-01 -5.732450261712074280e-02 -2.520824670791625977e-01 -8.226715028285980225e-02 8.271212130784988403e-02 1.639426499605178833e-01 2.022891789674758911e-01 -5.008326768875122070e-01 -5.998833104968070984e-03 -1.727872155606746674e-02 1.078901533037424088e-02 -6.708658486604690552e-02 2.497991174459457397e-01 1.833485066890716553e-01
1.363548636436462402e-01 1.885526254773139954e-02 4.221720099449157715e-01 1.825012266635894775e-01 -1.315996400080621243e-03 1.096010282635688782e-01 -3.053495287895202637e-01 -4.445390999317169189e-01 -7.684998512268066406e-01 6.870243698358535767e-02 -2.114005200564861298e-02 1.412756443023681641e-01 1.544813811779022217e-01 -1.594135910272598267e-01 -1.010966747999191284e-01 1.248986087739467621e-02 1.684249192476272583e-01 1.279287785291671753e-01 2.493311464786529541e-01 7.354753464460372925e-02
-2.490152716636657715e-01 -1.070837005972862244e-01 1.323065906763076782e-01 -2.043580450117588043e-02 -2.140514403581619263e-01 9.670796990394592285e-02 1.342291682958602905e-01 -3.060768246650695801e-01 -4.295615106821060181e-02 -1.941669583320617676e-01 1.326742023229598999e-01 2.135608494281768799e-01 3.105373978614807129e-01 1.860059052705764771e-01 -5.991046875715255737e-02 -3.962486982345581055e-02 -3.140786886215209961e-01 -3.576167672872543335e-02 -1.041393354535102844e-01 1.747783422470092773e-01
-1.829914897680282593e-01 -9.072879329323768616e-03 -1.895338296890258789e-01 2.369002811610698700e-02 -1.912877559661865234e-01 1.567875444889068604e-01 1.901237666606903076e-01 3.105300068855285645e-01 -3.650405704975128174e-01 2.358073890209197998e-01 1.874342262744903564e-01 1.612888090312480927e-02 -3.043034672737121582e-02 -1.354591548442840576e-01 5.600871518254280090e-02 -1.516867876052856445e-01 -1.595721542835235596e-01 -3.014461603015661240e-03 -2.314895540475845337e-01 2.823066711425781250e-01
-1.817795187234878540e-01 -2.600563876330852509e-02 -3.216836750507354736e-01 8.493497222661972046e-02 1.077178865671157837e-01 -1.412863582372665405e-01 -1.882761716842651367e-01 -4.458445012569427490e-01 5.781280398368835449e-01 5.630560219287872314e-02 1.075001507997512817e-01 4.099740982055664062e-01 3.482506871223449707e-01 -5.986623466014862061e-02 -2.067259401082992554e-01 7.802087068557739258e-02 1.009511500597000122e-01 -1.730959117412567139e-01 -3.880487680435180664e-01 -1.858158260583877563e-01
-9.192746877670288086e-02 -2.347759306430816650e-01 -4.812071844935417175e-02 -1.496153920888900757e-01 2.583478987216949463e-01 -1.426553279161453247e-01 -4.344639927148818970e-02 -3.116051554679870605e-01 4.615345969796180725e-02 5.585189163684844971e-02 2.657917886972427368e-02 -3.171330392360687256e-01 -7.545702904462814331e-02 2.101294994354248047e-01 -1.386269330978393555e-01 -6.837899982929229736e-02 4.520910680294036865e-01 3.704164624214172363e-01 2.247565686702728271e-01 -7.446622475981712341e-03
1.642833650112152100e-01 -2.400753200054168701e-01 1.548319607973098755e-01 1.046900674700737000e-01 -7.810556888580322266e-02 -5.482277274131774902e-02 -1.082550212740898132e-01 1.397585719823837280e-01 1.104741692543029785e-01 -2.730443477630615234e-01 5.512436106801033020e-02 7.682075724005699158e-03 -1.586300134658813477e-01 -1.151779592037200928e-01 -3.631200175732374191e-03 1.339443922042846680e-01 1.681159287691116333e-01 -2.271674424409866333e-01 2.533949017524719238e-01 -7.161391526460647583e-02
2.740331888198852539e-01 1.513206660747528076e-01 -1.228946298360824585e-01 -1.831934042274951935e-02 -2.141241729259490967e-01 9.033895097672939301e-03 1.560811251401901245e-01 2.489243000745773315e-01 3.784512579441070557e-01 -2.183446884155273438e-01 -2.792547047138214111e-01 -2.151449173688888550e-01 -1.449196934700012207e-01 -1.086236722767353058e-02 5.415627360343933105e-01 -2.225639969110488892e-01 -4.135422110557556152e-01 -2.469539791345596313e-01 -7.048753499984741211e-01 3.694756031036376953e-01
-5.389539524912834167e-02 -5.407370328903198242e-01 4.449193477630615234e-01 -5.437013460323214531e-04 8.177401125431060791e-02 -6.441350281238555908e-02 1.806505322456359863e-01 -2.407082021236419678e-01 -4.238892793655395508e-01 3.107524812221527100e-01 1.149927079677581787e-01 1.812258549034595490e-02 -1.915329545736312866e-01 5.709417164325714111e-02 1.426282376050949097e-01 5.955545604228973389e-02 -1.690715998411178589e-01 -3.892706632614135742e-01 -1.707300543785095215e-01 1.037434488534927368e-01
4.643139541149139404e-01 1.186187937855720520e-01 4.155512452125549316e-01 3.000479936599731445e-01 3.060441017150878906e-01 -5.334942042827606201e-02 -6.782280653715133667e-02 1.222944036126136780e-01 4.422988370060920715e-02 -8.603887259960174561e-02 -4.264282435178756714e-02 1.319535672664642334e-01 2.186342515051364899e-02 3.649202734231948853e-02 8.941813558340072632e-02 2.231070399284362793e-01 -2.369190603494644165e-01 -1.531458646059036255e-01 -3.473978936672210693e-01 -4.357983171939849854e-01
1.926461011171340942e-01 5.233945846557617188e-01 2.215773016214370728e-01 3.771542012691497803e-02 1.443494707345962524e-01 -4.617856442928314209e-01 -7.699394971132278442e-02 4.893385991454124451e-02 -9.114739298820495605e-02 4.136468768119812012e-01 -4.059139490127563477e-01 -8.929905295372009277e-02 1.042097583413124084e-01 -3.037162125110626221e-01 -3.583843111991882324e-01 2.249671891331672668e-02 -1.122524663805961609e-01 2.249932438135147095e-01 2.121021300554275513e-01 2.242997139692306519e-01
1.493744552135467529e-01 -1.151519417762756348e-01 -3.637464046478271484e-01 -5.636424198746681213e-02 1.071398928761482239e-01 2.540637850761413574e-01 4.546709060668945312e-01 1.678522974252700806e-01 -5.126004815101623535e-01 3.070112504065036774e-02 2.819518148899078369e-01 1.647640168666839600e-01 -4.562373459339141846e-02 -1.261466741561889648e-01 4.857269302010536194e-02 -1.015595495700836182e-01 2.079511135816574097e-01 -3.440860509872436523e-01 -2.395095676183700562e-01 -4.981454834342002869e-02
-5.646836757659912109e-01 1.115261390805244446e-02 1.987535804510116577e-01 8.035667985677719116e-02 5.842449143528938293e-02 3.227621614933013916e-01 9.324197471141815186e-02 -1.388988792896270752e-01 2.258737534284591675e-01 -4.738202095031738281e-01 2.457624822854995728e-01 -3.720960766077041626e-02 -8.948005735874176025e-03 2.017937153577804565e-01 -1.454773396253585815e-01 2.314607203006744385e-01 3.295428454875946045e-01 2.984606623649597168e-01 4.004499018192291260e-01 -1.072074994444847107e-01
2.898941338062286377e-01 1.894477009773254395e-01 1.207531318068504333e-01 -8.457911759614944458e-02 3.694337606430053711e-01 -2.723237872123718262e-01 -2.022198885679244995e-01 1.643112897872924805e-01 -2.062459886074066162e-01 -2.519489824771881104e-01 -5.239462107419967651e-02 -4.461684226989746094e-01 1.575202494859695435e-01 -1.631692610681056976e-02 6.279187202453613281e-01 -1.018539443612098694e-01 -7.430275529623031616e-02 3.730253279209136963e-01 -4.735794961452484131e-01 -1.018997579813003540e-01
3.706457838416099548e-02 -1.366719454526901245e-01 1.561397463083267212e-01 -2.598492503166198730e-01 3.681891858577728271e-01 -7.660181820392608643e-02 -2.570051550865173340e-01 2.077872455120086670e-01 -1.198579147458076477e-01 -5.936077237129211426e-02 -3.737976253032684326e-01 -1.936705857515335083e-01 3.484276235103607178e-01 2.479812353849411011e-01 -2.519263327121734619e-01 -9.983009099960327148e-02 -2.826247513294219971e-01 -7.889417558908462524e-02 7.528261095285415649e-02 -1.778216511011123657e-01
1.037058420479297638e-02 -8.275459520518779755e-03 -3.283217549324035645e-02 -1.940637268126010895e-02 -4.234396386891603470e-03 3.881467971950769424e-03 -2.800243906676769257e-03 5.956404376775026321e-03 -3.973054140806198120e-02 1.568883098661899567e-02 -3.086225129663944244e-03 -8.575768023729324341e-02 3.624632721766829491e-03 4.392759583424776793e-04 5.303627625107765198e-02 3.778690472245216370e-02 -2.587211551144719124e-03 -5.865965038537979126e-02 5.466536805033683777e-02 1.460486184805631638e-02
2.651162743568420410e-01 -2.119377553462982178e-01 2.990313172340393066e-01 2.451763749122619629e-01 3.252169191837310791e-01 6.418793648481369019e-02 -7.339055649936199188e-03 1.707426160573959351e-01 2.919070124626159668e-01 2.445823550224304199e-01 -1.801002770662307739e-01 6.423968076705932617e-02 -7.054322399199008942e-03 -1.076821121387183666e-03 1.836271136999130249e-01 1.587856411933898926e-01 1.074035838246345520e-01 6.458831429481506348e-01 2.083641141653060913e-01 9.160690009593963623e-02
-5.069677159190177917e-02 -9.585411101579666138e-02 2.975081503391265869e-01 -1.037149280309677124e-01 -1.067172661423683167e-01 1.686279326677322388e-01 3.959905207157135010e-01 1.634740531444549561e-01 -8.418177962303161621e-01 9.259840473532676697e-03 3.919005393981933594e-02 -7.328673452138900757e-02 3.868997395038604736e-01 -4.907092545181512833e-03 7.192702032625675201e-03 -1.382897794246673584e-01 2.020543813705444336e-01 1.242355164140462875e-02 -8.726025372743606567e-02 9.266775846481323242e-02
2.116714864969253540e-01 -2.518103085458278656e-02 -1.350795626640319824e-01 7.504521310329437256e-02 1.322700083255767822e-01 6.120576709508895874e-02 1.495812386274337769e-01 6.042032316327095032e-02 2.292993813753128052e-01 -4.615960717201232910e-01 -2.415197044610977173e-01 -1.677927821874618530e-01 1.065769344568252563e-01 -2.689991593360900879e-01 1.450313925743103027e-01 2.649266123771667480e-01 -2.482966780662536621e-01 1.131109334528446198e-02 -3.632596433162689209e-01 -1.797834783792495728e-01
2.490395307540893555e-02 1.133165806531906128e-01 -8.096016198396682739e-02 4.214584082365036011e-02 -1.348243355751037598e-01 1.460108309984207153e-01 -7.338042836636304855e-03 -1.105751842260360718e-02 -2.927433550357818604e-01 3.248726427555084229e-01 -1.942817866802215576e-01 4.152341187000274658e-02 4.149163514375686646e-02 1.281694918870925903e-01 -1.860584765672683716e-01 -1.524503678083419800e-01 7.183106243610382080e-02 5.552664399147033691e-01 -1.033282205462455750e-01 2.640976570546627045e-02
-1.973710954189300537e-01 6.589950621128082275e-02 3.491261228919029236e-02 -2.176820337772369385e-01 -2.392900437116622925e-01 1.959881186485290527e-01 -2.036079168319702148e-01 -1.241511851549148560e-01 2.196520864963531494e-01 -1.502992510795593262e-01 3.216326832771301270e-01 -4.968876019120216370e-02 -2.179350107908248901e-01 2.010819315910339355e-01 -2.424216121435165405e-01 -1.017986163496971130e-01 -1.617411226034164429e-01 8.535756170749664307e-02 -2.229840755462646484e-01 -4.610811173915863037e-01
2.862188518047332764e-01 -2.922886312007904053e-01 9.365446120500564575e-02 5.502595100551843643e-03 1.273074448108673096e-01 -4.241061210632324219e-01 -6.950563937425613403e-02 -5.014111846685409546e-02 1.649500727653503418e-01 -1.864184588193893433e-01 2.750355601310729980e-01 1.213325038552284241e-01 2.021132111549377441e-01 9.232427179813385010e-02 -4.991183429956436157e-02 -4.130465984344482422e-01 5.495319142937660217e-02 2.075017392635345459e-01 -3.352527320384979248e-01 -1.593073159456253052e-01
-3.335058987140655518e-01 -2.717496156692504883e-01 3.169666528701782227e-01 -3.294114172458648682e-01 -1.628222465515136719e-01 -1.686540842056274414e-01 -1.053710803389549255e-01 1.321237236261367798e-01 3.358685374259948730e-01 -6.190831959247589111e-02 -5.196263790130615234e-01 9.813590347766876221e-02 -5.441800877451896667e-02 -1.521013379096984863e-01 -1.591181457042694092e-01 4.698036015033721924e-01 3.514780998229980469e-01 5.963107943534851074e-02 3.674119710922241211e-01 -4.312585890293121338e-01
-6.257601082324981689e-02 -1.474605202674865723e-01 -6.722725182771682739e-02 1.901128739118576050e-01 -1.626489907503128052e-01 1.564411222934722900e-01 -1.190057843923568726e-01 1.193567886948585510e-01 -2.681517004966735840e-01 -1.111534535884857178e-01 1.376736015081405640e-01 -9.530728310346603394e-02 2.202212661504745483e-01 -2.726159691810607910e-01 -4.380262643098831177e-02 -1.649391055107116699e-01 -2.721003443002700806e-02 -2.668335437774658203e-01 -3.051087856292724609e-01 2.613207101821899414e-01
1.144853457808494568e-01 -1.710910350084304810e-01 2.723368704319000244e-01 -8.721506595611572266e-02 -1.419310420751571655e-01 -2.512562572956085205e-01 1.349757313728332520e-01 -1.244372129440307617e-01 -4.607875645160675049e-01 2.505989372730255127e-01 -1.719692945480346680e-01 -9.426088072359561920e-03 -6.290496140718460083e-02 -4.629525244235992432e-01 -1.810311228036880493e-01 -3.153396844863891602e-01 -2.038784176111221313e-01 1.638715341687202454e-02 -1.289972215890884399e-01 1.857130378484725952e-01
1.228092610836029053e-02 1.340452730655670166e-01 -1.239758729934692383e-01 -1.217121630907058716e-01 -1.790105402469635010e-01 1.849159412086009979e-02 -3.157147169113159180e-01 -1.967683136463165283e-01 -1.619582325220108032e-01 3.221825361251831055e-01 -3.530742600560188293e-02 8.033689111471176147e-02 4.074710234999656677e-02 -1.562543809413909912e-01 -3.490298092365264893e-01 1.224597990512847900e-01 -3.127442300319671631e-01 4.720848798751831055e-01 -1.598284542560577393e-01 -5.282443165779113770e-01
1.166200861334800720e-01 -2.327069491147994995e-01 3.452742099761962891e-01 -5.997653305530548096e-02 -3.669871687889099121e-01 -2.543516457080841064e-01 3.132977485656738281e-01 -1.050424650311470032e-01 2.551847398281097412e-01 -3.684825599193572998e-01 -3.871881067752838135e-01 -6.907936930656433105e-02 2.200161367654800415e-01 5.279953777790069580e-02 3.610402345657348633e-02 1.253901422023773193e-01 2.465081363916397095e-01 -1.907494664192199707e-01 -2.762215435504913330e-01 -2.653093338012695312e-01
-4.040250089019536972e-03 -1.141404286026954651e-01 -5.961516872048377991e-02 -3.581687808036804199e-01 2.487164735794067383e-02 1.289416253566741943e-01 3.315927088260650635e-01 -3.437972068786621094e-02 -1.948986649513244629e-01 -1.524440497159957886e-01 -1.568663716316223145e-01 -6.516201049089431763e-02 -7.204988598823547363e-02 -1.412081718444824219e-01 -1.513522565364837646e-01 5.812976881861686707e-02 3.152604699134826660e-01 -2.075391709804534912e-01 -2.318743616342544556e-01 -6.120883673429489136e-02
-3.761120885610580444e-02 -2.647374570369720459e-01 8.425870537757873535e-02 1.952448487281799316e-01 1.449441909790039062e-01 1.949893087148666382e-01 -1.393738389015197754e-01 2.782428860664367676e-01 -9.931921958923339844e-02 9.193834662437438965e-02 -2.758316099643707275e-01 -4.983206745237112045e-03 1.994291990995407104e-01 2.581057846546173096e-01 2.098509110510349274e-02 -4.500960186123847961e-02 3.893476128578186035e-01 -1.562838554382324219e-01 -6.475146412849426270e-01 1.213382855057716370e-01
3.848847150802612305e-01 -1.485984921455383301e-01 2.302115224301815033e-02 1.621239334344863892e-01 -2.504673600196838379e-01 -2.536630332469940186e-01 -1.833207160234451294e-01 -2.480539232492446899e-01 5.922228470444679260e-02 4.787277281284332275e-01 -4.458881914615631104e-01 -2.639472186565399170e-01 3.504005074501037598e-01 6.805418431758880615e-02 3.064328990876674652e-02 -2.727617323398590088e-01 2.330949604511260986e-01 -1.426538825035095215e-01 -1.816436499357223511e-01 7.743817567825317383e-02
3.054310977458953857e-01 -4.708015024662017822e-01 1.245802491903305054e-01 -1.202086061239242554e-01 1.677771657705307007e-01 2.354807853698730469e-01 4.671909809112548828e-01 -2.928044199943542480e-01 9.825047850608825684e-02 3.135240450501441956e-02 -2.713793814182281494e-01 3.532000482082366943e-01 -4.832045733928680420e-02 3.147148191928863525e-01 -2.300904095172882080e-01 -3.474699556827545166e-01 -7.465302944183349609e-02 -1.254184991121292114e-01 -2.003976851701736450e-01 3.392982184886932373e-01
4.455652832984924316e-01 -5.340309441089630127e-02 2.575327828526496887e-02 5.144808888435363770e-01 -9.772180579602718353e-03 5.924950540065765381e-02 -2.951927781105041504e-01 -1.757988929748535156e-01 -2.580758631229400635e-01 3.295580446720123291e-01 1.136514991521835327e-01 2.538800984621047974e-02 -1.445360574871301651e-02 3.637806475162506104e-01 -1.702086031436920166e-01 -3.198474943637847900e-01 1.457893699407577515e-01 -3.925721943378448486e-01 -2.250401079654693604e-01 -3.100870363414287567e-02
-8.089876919984817505e-02 2.646488547325134277e-01 1.698816269636154175e-01 9.913133084774017334e-02 1.847805380821228027e-01 -6.276972591876983643e-02 -3.404729068279266357e-01 -1.967877447605133057e-01 3.261888921260833740e-01 -4.781237617135047913e-02 3.162179887294769287e-02 2.215192168951034546e-01 -9.074195474386215210e-02 9.901302307844161987e-02 -2.408710867166519165e-01 2.018327564001083374e-01 -1.149597018957138062e-01 -4.219602644443511963e-01 -5.459599196910858154e-03 -1.954933851957321167e-01
5.000900849699974060e-02 1.210571750998497009e-01 9.757328778505325317e-02 4.493242129683494568e-02 -2.403979152441024780e-01 -3.679692149162292480e-01 2.733002603054046631e-01 -3.833592236042022705e-01 -1.579073965549468994e-01 1.483251899480819702e-02 2.085015624761581421e-01 1.500693857669830322e-01 -5.849895253777503967e-02 4.646922945976257324e-01 -2.717404961585998535e-01 -4.154833555221557617e-01 1.172567084431648254e-01 -3.491546809673309326e-01 2.113825976848602295e-01 1.589166373014450073e-01
5.866338685154914856e-02 -2.791782021522521973e-01 -1.267335191369056702e-02 2.068841457366943359e-02 4.133859872817993164e-01 6.618388891220092773e-01 2.877488732337951660e-01 -4.607525467872619629e-01 2.074786275625228882e-01 1.649735122919082642e-02 -3.026889823377132416e-02 -3.837181255221366882e-02 4.055533185601234436e-02 1.023319661617279053e-01 -7.583957910537719727e-02 -8.416185155510902405e-03 6.896869838237762451e-02 -1.824702024459838867e-01 8.428888767957687378e-02 -2.401185631752014160e-01
2.017134279012680054e-01 2.693484425544738770e-01 1.180319488048553467e-01 2.254925072193145752e-01 1.479302644729614258e-01 -6.674236804246902466e-02 -8.579458296298980713e-02 -1.762985140085220337e-01 1.577015221118927002e-01 1.587429940700531006e-01 -1.610668152570724487e-01 -2.911710180342197418e-02 3.879381418228149414e-01 -2.802644968032836914e-01 1.436572521924972534e-01 6.753443181514739990e-02 -1.981123909354209900e-02 -4.032470583915710449e-01 -3.218031823635101318e-01 1.485803872346878052e-01
-8.011904358863830566e-02 -2.709419094026088715e-02 7.819636957719922066e-04 9.561879932880401611e-02 -1.588539220392704010e-02 -2.088922262191772461e-02 -5.620607733726501465e-02 3.407290577888488770e-02 -5.419137701392173767e-02 -3.709417581558227539e-02 4.346993193030357361e-02 1.029174495488405228e-02 -5.358107015490531921e-02 -8.849250152707099915e-04 5.028596892952919006e-02 -7.678468246012926102e-03 -7.621595263481140137e-02 -2.764888480305671692e-02 6.539059430360794067e-02 1.181012392044067383e-02
8.865382522344589233e-02 2.845300734043121338e-01 -3.620013892650604248e-01 -9.082505851984024048e-02 1.378453224897384644e-01 -1.407883316278457642e-01 1.984264254570007324e-01 -1.114720031619071960e-01 4.491003602743148804e-02 -5.726214051246643066e-01 4.092514812946319580e-01 2.508067488670349121e-01 1.551240980625152588e-01 -3.491055667400360107e-01 2.048228979110717773e-01 -9.359157085418701172e-01 2.821732759475708008e-01 2.969850897789001465e-01 2.378221414983272552e-02 -4.504450559616088867e-01
1.881095767021179199e-02 1.881095767021179199e-02 1.881095767021179199e-02 1.881095767021179199e-02 1.881095767021179199e-02 1.881095767021179199e-02 1.881095767021179199e-02 1.881095767021179199e-02 1.881095767021179199e-02 1.881095767021179199e-02 1.881095767021179199e-02 1.881095767021179199e-02 1.881095767021179199e-02 1.881095767021179199e-02 1.881095767021179199e-02 1.881095767021179199e-02 1.881095767021179199e-02 1.881095767021179199e-02 1.881095767021179199e-02 1.881095767021179199e-02
