-1.311551364351350113e+00
6.550806168850589195e-01
-5.227120444506340169e-01
-1.653718014174190010e-01
-5.485456997955320269e-01
-8.825938281970860388e-02
1.372179949780869990e+00
-1.830471440825209850e+00
-9.614644634224308595e-01
-4.709146146686970513e-01
5.547399306958671339e-01
-1.023085139475659933e+00
-5.247807854563120156e-01
7.034837610921860218e-01
-1.227934717755419847e+00
1.047608984621430039e+00
3.421786678241829360e-01
5.699124110358000372e-01
-1.488896864241969972e-02
-9.974519584164820429e-01
-1.599527645001669773e+00
1.533807018457570004e-01
7.155573526033599530e-01
7.242027113993539933e-01
-8.604574772981470054e-02
1.648136441246680128e+00
1.850278162928039871e-01
-4.029854102574240149e-01
1.052227866835220016e-01
-6.159701466567989447e-01
6.875305504366638898e-01
1.556752773716639782e+00
1.040086181945190091e+00
2.482616148204939699e-01
-1.360803627975469832e+00
-6.366716311023590258e-01
4.030443327316729496e-01
-7.659997449096790645e-02
1.382435835061780027e+00
6.608560788289150612e-01
-1.433693610850129918e+00
6.329759225451989657e-01
6.686095068585929946e-01
1.750700220071469859e+00
8.532571700355309763e-02
2.630153044760010217e-01
-1.575409126355189926e+00
-4.603390972985179630e-01
-1.493549210259370152e+00
-1.479650197541070022e-01
-7.794755211580741694e-01
-1.288077160676529997e+00
-4.485191472662000169e-03
-8.406999613016490347e-01
1.267781171141920016e+00
2.227383528358620080e+00
1.526620124718710003e-01
2.822603001675459966e-01
-1.958344948983800071e+00
1.497394054403620167e+00
-6.238256270766110445e-01
3.908985554160189779e-01
-2.012980406884949947e-01
3.435619840235750178e-01
-8.639227283855649420e-02
1.306921576224640003e-01
-1.064056660456749848e+00
1.326948053360309798e-01
-1.488370029016309992e+00
-1.085665495235599992e-01
1.825896233698320048e-01
-2.784456131716799843e-01
3.257195297699000403e-01
8.849953397992991189e-01
-1.593998521732099993e+00
-1.455360674012250000e+00
-6.197756894467799649e-01
4.282077438790760082e-01
3.457031634443250567e-01
-3.553407550018510275e-01
5.801047798229050922e-01
2.078772331110999794e+00
-1.079049362703569992e+00
-8.460849305476808579e-01
-1.829996145727889933e+00
1.336107446323359926e-01
7.947935432893860064e-01
-3.715008271232339565e-01
1.090049088205760075e+00
-2.315607546177260168e-01
2.437043502617230184e-01
1.013883429802170166e+00
5.879130467808300065e-01
3.156851116016589631e-01
1.426476732566160033e+00
-9.140585126485291090e-01
-4.647477959302609984e-01
2.962008159922600026e-01
-3.570425343945879404e-01
-5.638566721477099586e-01
