6.500000000000000000e+01
8.330000000000000000e+02
1.601000000000000000e+03
2.369000000000000000e+03
3.137000000000000000e+03
3.905000000000000000e+03
7.700000000000000000e+01
8.450000000000000000e+02
1.613000000000000000e+03
2.381000000000000000e+03
3.149000000000000000e+03
3.917000000000000000e+03
8.900000000000000000e+01
8.570000000000000000e+02
1.625000000000000000e+03
2.393000000000000000e+03
3.161000000000000000e+03
3.929000000000000000e+03
1.010000000000000000e+02
8.690000000000000000e+02
1.637000000000000000e+03
2.405000000000000000e+03
3.173000000000000000e+03
3.941000000000000000e+03
1.130000000000000000e+02
8.810000000000000000e+02
1.649000000000000000e+03
2.417000000000000000e+03
3.185000000000000000e+03
3.953000000000000000e+03
1.250000000000000000e+02
8.930000000000000000e+02
1.661000000000000000e+03
2.429000000000000000e+03
3.197000000000000000e+03
3.965000000000000000e+03
4.550000000000000000e+02
1.223000000000000000e+03
1.991000000000000000e+03
2.759000000000000000e+03
3.591000000000000000e+03
4.670000000000000000e+02
1.235000000000000000e+03
2.003000000000000000e+03
2.771000000000000000e+03
3.603000000000000000e+03
4.790000000000000000e+02
1.247000000000000000e+03
2.015000000000000000e+03
2.783000000000000000e+03
3.615000000000000000e+03
4.910000000000000000e+02
1.259000000000000000e+03
2.027000000000000000e+03
2.795000000000000000e+03
3.627000000000000000e+03
5.040000000000000000e+02
1.272000000000000000e+03
2.040000000000000000e+03
2.808000000000000000e+03
3.640000000000000000e+03
