1.040000000000000000e+03
1.552000000000000000e+03
2.064000000000000000e+03
2.576000000000000000e+03
3.088000000000000000e+03
1.048000000000000000e+03
1.560000000000000000e+03
2.072000000000000000e+03
2.584000000000000000e+03
3.096000000000000000e+03
1.056000000000000000e+03
1.568000000000000000e+03
2.080000000000000000e+03
2.592000000000000000e+03
3.104000000000000000e+03
1.064000000000000000e+03
1.576000000000000000e+03
2.088000000000000000e+03
2.600000000000000000e+03
3.112000000000000000e+03
1.072000000000000000e+03
1.584000000000000000e+03
2.096000000000000000e+03
2.608000000000000000e+03
3.120000000000000000e+03
